% # columns="iteration, evaluation, min max(neg(.)) min(pos(.)) max correlation, correlation matrix principle axes lengths  (sorted square roots of eigenvalues of correlation matrix)", seed=234, Wed Sep  1 07:16:06 2021
1 10 -0.0630671218261176 -0.03189464529041765 0.016817675821425057 0.05953701047462477 0.9127265058944853 0.9639917176097891 0.9805115403609148 0.9887096754326061 0.9977951997544885 1.0063242790981968 1.0174124770656665 1.0566154327188266 1.0671703023596082
2 20 -0.0630671218261176 -0.03189464529041765 0.016817675821425057 0.05953701047462477 0.9127265058944853 0.9639917176097891 0.9805115403609148 0.9887096754326061 0.9977951997544885 1.0063242790981968 1.0174124770656665 1.0566154327188266 1.0671703023596082
3 30 -0.0630671218261176 -0.03189464529041765 0.016817675821425057 0.05953701047462477 0.9127265058944853 0.9639917176097891 0.9805115403609148 0.9887096754326061 0.9977951997544885 1.0063242790981968 1.0174124770656665 1.0566154327188266 1.0671703023596082
4 40 -0.0630671218261176 -0.03189464529041765 0.016817675821425057 0.05953701047462477 0.9127265058944853 0.9639917176097891 0.9805115403609148 0.9887096754326061 0.9977951997544885 1.0063242790981968 1.0174124770656665 1.0566154327188266 1.0671703023596082
5 50 -0.0630671218261176 -0.03189464529041765 0.016817675821425057 0.05953701047462477 0.9127265058944853 0.9639917176097891 0.9805115403609148 0.9887096754326061 0.9977951997544885 1.0063242790981968 1.0174124770656665 1.0566154327188266 1.0671703023596082
6 60 -0.0630671218261176 -0.03189464529041765 0.016817675821425057 0.05953701047462477 0.9127265058944853 0.9639917176097891 0.9805115403609148 0.9887096754326061 0.9977951997544885 1.0063242790981968 1.0174124770656665 1.0566154327188266 1.0671703023596082
7 70 -0.0630671218261176 -0.03189464529041765 0.016817675821425057 0.05953701047462477 0.9127265058944853 0.9639917176097891 0.9805115403609148 0.9887096754326061 0.9977951997544885 1.0063242790981968 1.0174124770656665 1.0566154327188266 1.0671703023596082
8 80 -0.0630671218261176 -0.03189464529041765 0.016817675821425057 0.05953701047462477 0.9127265058944853 0.9639917176097891 0.9805115403609148 0.9887096754326061 0.9977951997544885 1.0063242790981968 1.0174124770656665 1.0566154327188266 1.0671703023596082
9 90 -0.0630671218261176 -0.03189464529041765 0.016817675821425057 0.05953701047462477 0.9127265058944853 0.9639917176097891 0.9805115403609148 0.9887096754326061 0.9977951997544885 1.0063242790981968 1.0174124770656665 1.0566154327188266 1.0671703023596082
10 100 -0.25632934962364073 -0.07773963667989739 0.08814652813603982 0.2813736787479 0.7510676330969629 0.7817699655907575 0.8350966729284943 0.9316497200766433 1.0261110111215674 1.0614125177774196 1.074671031777275 1.126109052577517 1.287181305209733
11 110 -0.25632934962364073 -0.07773963667989739 0.08814652813603982 0.2813736787479 0.7510676330969629 0.7817699655907575 0.8350966729284943 0.9316497200766433 1.0261110111215674 1.0614125177774196 1.074671031777275 1.126109052577517 1.287181305209733
12 120 -0.25632934962364073 -0.07773963667989739 0.08814652813603982 0.2813736787479 0.7510676330969629 0.7817699655907575 0.8350966729284943 0.9316497200766433 1.0261110111215674 1.0614125177774196 1.074671031777275 1.126109052577517 1.287181305209733
13 130 -0.25632934962364073 -0.07773963667989739 0.08814652813603982 0.2813736787479 0.7510676330969629 0.7817699655907575 0.8350966729284943 0.9316497200766433 1.0261110111215674 1.0614125177774196 1.074671031777275 1.126109052577517 1.287181305209733
14 140 -0.25632934962364073 -0.07773963667989739 0.08814652813603982 0.2813736787479 0.7510676330969629 0.7817699655907575 0.8350966729284943 0.9316497200766433 1.0261110111215674 1.0614125177774196 1.074671031777275 1.126109052577517 1.287181305209733
15 150 -0.25632934962364073 -0.07773963667989739 0.08814652813603982 0.2813736787479 0.7510676330969629 0.7817699655907575 0.8350966729284943 0.9316497200766433 1.0261110111215674 1.0614125177774196 1.074671031777275 1.126109052577517 1.287181305209733
16 160 -0.25632934962364073 -0.07773963667989739 0.08814652813603982 0.2813736787479 0.7510676330969629 0.7817699655907575 0.8350966729284943 0.9316497200766433 1.0261110111215674 1.0614125177774196 1.074671031777275 1.126109052577517 1.287181305209733
17 170 -0.25632934962364073 -0.07773963667989739 0.08814652813603982 0.2813736787479 0.7510676330969629 0.7817699655907575 0.8350966729284943 0.9316497200766433 1.0261110111215674 1.0614125177774196 1.074671031777275 1.126109052577517 1.287181305209733
18 180 -0.25632934962364073 -0.07773963667989739 0.08814652813603982 0.2813736787479 0.7510676330969629 0.7817699655907575 0.8350966729284943 0.9316497200766433 1.0261110111215674 1.0614125177774196 1.074671031777275 1.126109052577517 1.287181305209733
19 190 -0.29449172948045527 -0.021900024842247484 0.14684680377362708 0.5031099194149501 0.6426816155392234 0.6698259328176239 0.7668246876264664 0.9174224634373367 1.0173243323428642 1.063436538869013 1.1576315199114235 1.1887190619739332 1.3377591970264517
20 200 -0.29449172948045527 -0.021900024842247484 0.14684680377362708 0.5031099194149501 0.6426816155392234 0.6698259328176239 0.7668246876264664 0.9174224634373367 1.0173243323428642 1.063436538869013 1.1576315199114235 1.1887190619739332 1.3377591970264517
21 210 -0.29449172948045527 -0.021900024842247484 0.14684680377362708 0.5031099194149501 0.6426816155392234 0.6698259328176239 0.7668246876264664 0.9174224634373367 1.0173243323428642 1.063436538869013 1.1576315199114235 1.1887190619739332 1.3377591970264517
22 220 -0.29449172948045527 -0.021900024842247484 0.14684680377362708 0.5031099194149501 0.6426816155392234 0.6698259328176239 0.7668246876264664 0.9174224634373367 1.0173243323428642 1.063436538869013 1.1576315199114235 1.1887190619739332 1.3377591970264517
23 230 -0.29449172948045527 -0.021900024842247484 0.14684680377362708 0.5031099194149501 0.6426816155392234 0.6698259328176239 0.7668246876264664 0.9174224634373367 1.0173243323428642 1.063436538869013 1.1576315199114235 1.1887190619739332 1.3377591970264517
24 240 -0.29449172948045527 -0.021900024842247484 0.14684680377362708 0.5031099194149501 0.6426816155392234 0.6698259328176239 0.7668246876264664 0.9174224634373367 1.0173243323428642 1.063436538869013 1.1576315199114235 1.1887190619739332 1.3377591970264517
25 250 -0.29449172948045527 -0.021900024842247484 0.14684680377362708 0.5031099194149501 0.6426816155392234 0.6698259328176239 0.7668246876264664 0.9174224634373367 1.0173243323428642 1.063436538869013 1.1576315199114235 1.1887190619739332 1.3377591970264517
26 260 -0.29449172948045527 -0.021900024842247484 0.14684680377362708 0.5031099194149501 0.6426816155392234 0.6698259328176239 0.7668246876264664 0.9174224634373367 1.0173243323428642 1.063436538869013 1.1576315199114235 1.1887190619739332 1.3377591970264517
27 270 -0.29449172948045527 -0.021900024842247484 0.14684680377362708 0.5031099194149501 0.6426816155392234 0.6698259328176239 0.7668246876264664 0.9174224634373367 1.0173243323428642 1.063436538869013 1.1576315199114235 1.1887190619739332 1.3377591970264517
28 280 -0.2668255078693024 -0.07812269749661306 0.1882076683650088 0.7489222812938158 0.46610735219742067 0.6647578686854273 0.6741488823345037 0.839426350913832 1.009392228663185 1.0699473859570792 1.107111619622273 1.210952943102182 1.5251112580315047
29 290 -0.2668255078693024 -0.07812269749661306 0.1882076683650088 0.7489222812938158 0.46610735219742067 0.6647578686854273 0.6741488823345037 0.839426350913832 1.009392228663185 1.0699473859570792 1.107111619622273 1.210952943102182 1.5251112580315047
30 300 -0.2668255078693024 -0.07812269749661306 0.1882076683650088 0.7489222812938158 0.46610735219742067 0.6647578686854273 0.6741488823345037 0.839426350913832 1.009392228663185 1.0699473859570792 1.107111619622273 1.210952943102182 1.5251112580315047
31 310 -0.2668255078693024 -0.07812269749661306 0.1882076683650088 0.7489222812938158 0.46610735219742067 0.6647578686854273 0.6741488823345037 0.839426350913832 1.009392228663185 1.0699473859570792 1.107111619622273 1.210952943102182 1.5251112580315047
32 320 -0.2668255078693024 -0.07812269749661306 0.1882076683650088 0.7489222812938158 0.46610735219742067 0.6647578686854273 0.6741488823345037 0.839426350913832 1.009392228663185 1.0699473859570792 1.107111619622273 1.210952943102182 1.5251112580315047
33 330 -0.2668255078693024 -0.07812269749661306 0.1882076683650088 0.7489222812938158 0.46610735219742067 0.6647578686854273 0.6741488823345037 0.839426350913832 1.009392228663185 1.0699473859570792 1.107111619622273 1.210952943102182 1.5251112580315047
34 340 -0.2668255078693024 -0.07812269749661306 0.1882076683650088 0.7489222812938158 0.46610735219742067 0.6647578686854273 0.6741488823345037 0.839426350913832 1.009392228663185 1.0699473859570792 1.107111619622273 1.210952943102182 1.5251112580315047
35 350 -0.2668255078693024 -0.07812269749661306 0.1882076683650088 0.7489222812938158 0.46610735219742067 0.6647578686854273 0.6741488823345037 0.839426350913832 1.009392228663185 1.0699473859570792 1.107111619622273 1.210952943102182 1.5251112580315047
36 360 -0.2668255078693024 -0.07812269749661306 0.1882076683650088 0.7489222812938158 0.46610735219742067 0.6647578686854273 0.6741488823345037 0.839426350913832 1.009392228663185 1.0699473859570792 1.107111619622273 1.210952943102182 1.5251112580315047
37 370 -0.37706914493999444 -0.05767124088262824 0.21037216274685033 0.8616725066518465 0.3363830475104229 0.5686323150157687 0.6164965049887057 0.7659271684235787 0.9569983964429565 1.0330395323932489 1.135866249558838 1.2826465678594845 1.6365819278192375
38 380 -0.37706914493999444 -0.05767124088262824 0.21037216274685033 0.8616725066518465 0.3363830475104229 0.5686323150157687 0.6164965049887057 0.7659271684235787 0.9569983964429565 1.0330395323932489 1.135866249558838 1.2826465678594845 1.6365819278192375
39 390 -0.37706914493999444 -0.05767124088262824 0.21037216274685033 0.8616725066518465 0.3363830475104229 0.5686323150157687 0.6164965049887057 0.7659271684235787 0.9569983964429565 1.0330395323932489 1.135866249558838 1.2826465678594845 1.6365819278192375
40 400 -0.37706914493999444 -0.05767124088262824 0.21037216274685033 0.8616725066518465 0.3363830475104229 0.5686323150157687 0.6164965049887057 0.7659271684235787 0.9569983964429565 1.0330395323932489 1.135866249558838 1.2826465678594845 1.6365819278192375
41 410 -0.37706914493999444 -0.05767124088262824 0.21037216274685033 0.8616725066518465 0.3363830475104229 0.5686323150157687 0.6164965049887057 0.7659271684235787 0.9569983964429565 1.0330395323932489 1.135866249558838 1.2826465678594845 1.6365819278192375
42 420 -0.37706914493999444 -0.05767124088262824 0.21037216274685033 0.8616725066518465 0.3363830475104229 0.5686323150157687 0.6164965049887057 0.7659271684235787 0.9569983964429565 1.0330395323932489 1.135866249558838 1.2826465678594845 1.6365819278192375
43 430 -0.37706914493999444 -0.05767124088262824 0.21037216274685033 0.8616725066518465 0.3363830475104229 0.5686323150157687 0.6164965049887057 0.7659271684235787 0.9569983964429565 1.0330395323932489 1.135866249558838 1.2826465678594845 1.6365819278192375
44 440 -0.37706914493999444 -0.05767124088262824 0.21037216274685033 0.8616725066518465 0.3363830475104229 0.5686323150157687 0.6164965049887057 0.7659271684235787 0.9569983964429565 1.0330395323932489 1.135866249558838 1.2826465678594845 1.6365819278192375
45 450 -0.37706914493999444 -0.05767124088262824 0.21037216274685033 0.8616725066518465 0.3363830475104229 0.5686323150157687 0.6164965049887057 0.7659271684235787 0.9569983964429565 1.0330395323932489 1.135866249558838 1.2826465678594845 1.6365819278192375
46 460 -0.36238898715211987 -0.061623001007570045 0.29375372366326086 0.9132494834084488 0.2770662647397463 0.47179829903927045 0.6272475013843168 0.6946680609650423 0.9452770386927505 1.0095938502877095 1.1694110174285093 1.283268265557981 1.7022072481220234
47 470 -0.36238898715211987 -0.061623001007570045 0.29375372366326086 0.9132494834084488 0.2770662647397463 0.47179829903927045 0.6272475013843168 0.6946680609650423 0.9452770386927505 1.0095938502877095 1.1694110174285093 1.283268265557981 1.7022072481220234
48 480 -0.36238898715211987 -0.061623001007570045 0.29375372366326086 0.9132494834084488 0.2770662647397463 0.47179829903927045 0.6272475013843168 0.6946680609650423 0.9452770386927505 1.0095938502877095 1.1694110174285093 1.283268265557981 1.7022072481220234
49 490 -0.36238898715211987 -0.061623001007570045 0.29375372366326086 0.9132494834084488 0.2770662647397463 0.47179829903927045 0.6272475013843168 0.6946680609650423 0.9452770386927505 1.0095938502877095 1.1694110174285093 1.283268265557981 1.7022072481220234
50 500 -0.36238898715211987 -0.061623001007570045 0.29375372366326086 0.9132494834084488 0.2770662647397463 0.47179829903927045 0.6272475013843168 0.6946680609650423 0.9452770386927505 1.0095938502877095 1.1694110174285093 1.283268265557981 1.7022072481220234
51 510 -0.36238898715211987 -0.061623001007570045 0.29375372366326086 0.9132494834084488 0.2770662647397463 0.47179829903927045 0.6272475013843168 0.6946680609650423 0.9452770386927505 1.0095938502877095 1.1694110174285093 1.283268265557981 1.7022072481220234
52 520 -0.36238898715211987 -0.061623001007570045 0.29375372366326086 0.9132494834084488 0.2770662647397463 0.47179829903927045 0.6272475013843168 0.6946680609650423 0.9452770386927505 1.0095938502877095 1.1694110174285093 1.283268265557981 1.7022072481220234
53 530 -0.36238898715211987 -0.061623001007570045 0.29375372366326086 0.9132494834084488 0.2770662647397463 0.47179829903927045 0.6272475013843168 0.6946680609650423 0.9452770386927505 1.0095938502877095 1.1694110174285093 1.283268265557981 1.7022072481220234
54 540 -0.36238898715211987 -0.061623001007570045 0.29375372366326086 0.9132494834084488 0.2770662647397463 0.47179829903927045 0.6272475013843168 0.6946680609650423 0.9452770386927505 1.0095938502877095 1.1694110174285093 1.283268265557981 1.7022072481220234
55 550 -0.28092712563429023 -0.01641812076744209 0.3398138783743776 0.9387765091316582 0.2026360199148233 0.4252661307875718 0.47538567245759955 0.6932527156753968 0.8325740381976385 0.9912459799083205 1.2195706180359114 1.2591058716108992 1.822923006054316
56 560 -0.28092712563429023 -0.01641812076744209 0.3398138783743776 0.9387765091316582 0.2026360199148233 0.4252661307875718 0.47538567245759955 0.6932527156753968 0.8325740381976385 0.9912459799083205 1.2195706180359114 1.2591058716108992 1.822923006054316
57 570 -0.28092712563429023 -0.01641812076744209 0.3398138783743776 0.9387765091316582 0.2026360199148233 0.4252661307875718 0.47538567245759955 0.6932527156753968 0.8325740381976385 0.9912459799083205 1.2195706180359114 1.2591058716108992 1.822923006054316
58 580 -0.28092712563429023 -0.01641812076744209 0.3398138783743776 0.9387765091316582 0.2026360199148233 0.4252661307875718 0.47538567245759955 0.6932527156753968 0.8325740381976385 0.9912459799083205 1.2195706180359114 1.2591058716108992 1.822923006054316
59 590 -0.28092712563429023 -0.01641812076744209 0.3398138783743776 0.9387765091316582 0.2026360199148233 0.4252661307875718 0.47538567245759955 0.6932527156753968 0.8325740381976385 0.9912459799083205 1.2195706180359114 1.2591058716108992 1.822923006054316
60 600 -0.28092712563429023 -0.01641812076744209 0.3398138783743776 0.9387765091316582 0.2026360199148233 0.4252661307875718 0.47538567245759955 0.6932527156753968 0.8325740381976385 0.9912459799083205 1.2195706180359114 1.2591058716108992 1.822923006054316
61 610 -0.28092712563429023 -0.01641812076744209 0.3398138783743776 0.9387765091316582 0.2026360199148233 0.4252661307875718 0.47538567245759955 0.6932527156753968 0.8325740381976385 0.9912459799083205 1.2195706180359114 1.2591058716108992 1.822923006054316
62 620 -0.28092712563429023 -0.01641812076744209 0.3398138783743776 0.9387765091316582 0.2026360199148233 0.4252661307875718 0.47538567245759955 0.6932527156753968 0.8325740381976385 0.9912459799083205 1.2195706180359114 1.2591058716108992 1.822923006054316
63 630 -0.28092712563429023 -0.01641812076744209 0.3398138783743776 0.9387765091316582 0.2026360199148233 0.4252661307875718 0.47538567245759955 0.6932527156753968 0.8325740381976385 0.9912459799083205 1.2195706180359114 1.2591058716108992 1.822923006054316
64 640 -0.195786183668835 -0.007002077247261653 0.4373827067687115 0.9723467090209356 0.11425185495188059 0.36276891791142357 0.3920515472613445 0.6479348733629277 0.8263844666219153 0.9244099954643341 1.1919234182309695 1.2859846639968548 1.9157082483135892
65 650 -0.195786183668835 -0.007002077247261653 0.4373827067687115 0.9723467090209356 0.11425185495188059 0.36276891791142357 0.3920515472613445 0.6479348733629277 0.8263844666219153 0.9244099954643341 1.1919234182309695 1.2859846639968548 1.9157082483135892
66 660 -0.195786183668835 -0.007002077247261653 0.4373827067687115 0.9723467090209356 0.11425185495188059 0.36276891791142357 0.3920515472613445 0.6479348733629277 0.8263844666219153 0.9244099954643341 1.1919234182309695 1.2859846639968548 1.9157082483135892
67 670 -0.195786183668835 -0.007002077247261653 0.4373827067687115 0.9723467090209356 0.11425185495188059 0.36276891791142357 0.3920515472613445 0.6479348733629277 0.8263844666219153 0.9244099954643341 1.1919234182309695 1.2859846639968548 1.9157082483135892
68 680 -0.195786183668835 -0.007002077247261653 0.4373827067687115 0.9723467090209356 0.11425185495188059 0.36276891791142357 0.3920515472613445 0.6479348733629277 0.8263844666219153 0.9244099954643341 1.1919234182309695 1.2859846639968548 1.9157082483135892
69 690 -0.195786183668835 -0.007002077247261653 0.4373827067687115 0.9723467090209356 0.11425185495188059 0.36276891791142357 0.3920515472613445 0.6479348733629277 0.8263844666219153 0.9244099954643341 1.1919234182309695 1.2859846639968548 1.9157082483135892
70 700 -0.195786183668835 -0.007002077247261653 0.4373827067687115 0.9723467090209356 0.11425185495188059 0.36276891791142357 0.3920515472613445 0.6479348733629277 0.8263844666219153 0.9244099954643341 1.1919234182309695 1.2859846639968548 1.9157082483135892
71 710 -0.195786183668835 -0.007002077247261653 0.4373827067687115 0.9723467090209356 0.11425185495188059 0.36276891791142357 0.3920515472613445 0.6479348733629277 0.8263844666219153 0.9244099954643341 1.1919234182309695 1.2859846639968548 1.9157082483135892
72 720 -0.195786183668835 -0.007002077247261653 0.4373827067687115 0.9723467090209356 0.11425185495188059 0.36276891791142357 0.3920515472613445 0.6479348733629277 0.8263844666219153 0.9244099954643341 1.1919234182309695 1.2859846639968548 1.9157082483135892
73 730 -0.06820555167415426 0.08710372075636713 0.591062547924966 0.9811178742982121 0.1068807058410448 0.2911632591449686 0.348506665309946 0.5679840882836478 0.7759762597289191 0.8940432693839645 1.0791014869841262 1.2912859078133019 2.0558224176255857
74 740 -0.06820555167415426 0.08710372075636713 0.591062547924966 0.9811178742982121 0.1068807058410448 0.2911632591449686 0.348506665309946 0.5679840882836478 0.7759762597289191 0.8940432693839645 1.0791014869841262 1.2912859078133019 2.0558224176255857
75 750 -0.06820555167415426 0.08710372075636713 0.591062547924966 0.9811178742982121 0.1068807058410448 0.2911632591449686 0.348506665309946 0.5679840882836478 0.7759762597289191 0.8940432693839645 1.0791014869841262 1.2912859078133019 2.0558224176255857
76 760 -0.06820555167415426 0.08710372075636713 0.591062547924966 0.9811178742982121 0.1068807058410448 0.2911632591449686 0.348506665309946 0.5679840882836478 0.7759762597289191 0.8940432693839645 1.0791014869841262 1.2912859078133019 2.0558224176255857
77 770 -0.06820555167415426 0.08710372075636713 0.591062547924966 0.9811178742982121 0.1068807058410448 0.2911632591449686 0.348506665309946 0.5679840882836478 0.7759762597289191 0.8940432693839645 1.0791014869841262 1.2912859078133019 2.0558224176255857
78 780 -0.06820555167415426 0.08710372075636713 0.591062547924966 0.9811178742982121 0.1068807058410448 0.2911632591449686 0.348506665309946 0.5679840882836478 0.7759762597289191 0.8940432693839645 1.0791014869841262 1.2912859078133019 2.0558224176255857
79 790 -0.06820555167415426 0.08710372075636713 0.591062547924966 0.9811178742982121 0.1068807058410448 0.2911632591449686 0.348506665309946 0.5679840882836478 0.7759762597289191 0.8940432693839645 1.0791014869841262 1.2912859078133019 2.0558224176255857
80 800 -0.06820555167415426 0.08710372075636713 0.591062547924966 0.9811178742982121 0.1068807058410448 0.2911632591449686 0.348506665309946 0.5679840882836478 0.7759762597289191 0.8940432693839645 1.0791014869841262 1.2912859078133019 2.0558224176255857
81 810 -0.06820555167415426 0.08710372075636713 0.591062547924966 0.9811178742982121 0.1068807058410448 0.2911632591449686 0.348506665309946 0.5679840882836478 0.7759762597289191 0.8940432693839645 1.0791014869841262 1.2912859078133019 2.0558224176255857
82 820 -0.11440575501896323 0.08786274982931253 0.605718463093091 0.9863583341402318 0.08359312734838047 0.26181497732453934 0.3447578493442119 0.5454645566292353 0.6778112065935085 0.8701112653331392 1.0816981991845998 1.3776673795249377 2.05511933982331
83 830 -0.11440575501896323 0.08786274982931253 0.605718463093091 0.9863583341402318 0.08359312734838047 0.26181497732453934 0.3447578493442119 0.5454645566292353 0.6778112065935085 0.8701112653331392 1.0816981991845998 1.3776673795249377 2.05511933982331
84 840 -0.11440575501896323 0.08786274982931253 0.605718463093091 0.9863583341402318 0.08359312734838047 0.26181497732453934 0.3447578493442119 0.5454645566292353 0.6778112065935085 0.8701112653331392 1.0816981991845998 1.3776673795249377 2.05511933982331
85 850 -0.11440575501896323 0.08786274982931253 0.605718463093091 0.9863583341402318 0.08359312734838047 0.26181497732453934 0.3447578493442119 0.5454645566292353 0.6778112065935085 0.8701112653331392 1.0816981991845998 1.3776673795249377 2.05511933982331
86 860 -0.11440575501896323 0.08786274982931253 0.605718463093091 0.9863583341402318 0.08359312734838047 0.26181497732453934 0.3447578493442119 0.5454645566292353 0.6778112065935085 0.8701112653331392 1.0816981991845998 1.3776673795249377 2.05511933982331
87 870 -0.11440575501896323 0.08786274982931253 0.605718463093091 0.9863583341402318 0.08359312734838047 0.26181497732453934 0.3447578493442119 0.5454645566292353 0.6778112065935085 0.8701112653331392 1.0816981991845998 1.3776673795249377 2.05511933982331
88 880 -0.11440575501896323 0.08786274982931253 0.605718463093091 0.9863583341402318 0.08359312734838047 0.26181497732453934 0.3447578493442119 0.5454645566292353 0.6778112065935085 0.8701112653331392 1.0816981991845998 1.3776673795249377 2.05511933982331
89 890 -0.11440575501896323 0.08786274982931253 0.605718463093091 0.9863583341402318 0.08359312734838047 0.26181497732453934 0.3447578493442119 0.5454645566292353 0.6778112065935085 0.8701112653331392 1.0816981991845998 1.3776673795249377 2.05511933982331
90 900 -0.11440575501896323 0.08786274982931253 0.605718463093091 0.9863583341402318 0.08359312734838047 0.26181497732453934 0.3447578493442119 0.5454645566292353 0.6778112065935085 0.8701112653331392 1.0816981991845998 1.3776673795249377 2.05511933982331
91 910 -0.19116224769355183 0.10233504548259181 0.5988480709665617 0.9879956665245013 0.0622473044720155 0.20479906637610762 0.30687815701173005 0.48772408411451196 0.5626516391719105 0.7932300678829615 1.0829036964719116 1.4704710083931694 2.0835972307543957
92 920 -0.19116224769355183 0.10233504548259181 0.5988480709665617 0.9879956665245013 0.0622473044720155 0.20479906637610762 0.30687815701173005 0.48772408411451196 0.5626516391719105 0.7932300678829615 1.0829036964719116 1.4704710083931694 2.0835972307543957
93 930 -0.19116224769355183 0.10233504548259181 0.5988480709665617 0.9879956665245013 0.0622473044720155 0.20479906637610762 0.30687815701173005 0.48772408411451196 0.5626516391719105 0.7932300678829615 1.0829036964719116 1.4704710083931694 2.0835972307543957
94 940 -0.19116224769355183 0.10233504548259181 0.5988480709665617 0.9879956665245013 0.0622473044720155 0.20479906637610762 0.30687815701173005 0.48772408411451196 0.5626516391719105 0.7932300678829615 1.0829036964719116 1.4704710083931694 2.0835972307543957
95 950 -0.19116224769355183 0.10233504548259181 0.5988480709665617 0.9879956665245013 0.0622473044720155 0.20479906637610762 0.30687815701173005 0.48772408411451196 0.5626516391719105 0.7932300678829615 1.0829036964719116 1.4704710083931694 2.0835972307543957
96 960 -0.19116224769355183 0.10233504548259181 0.5988480709665617 0.9879956665245013 0.0622473044720155 0.20479906637610762 0.30687815701173005 0.48772408411451196 0.5626516391719105 0.7932300678829615 1.0829036964719116 1.4704710083931694 2.0835972307543957
97 970 -0.19116224769355183 0.10233504548259181 0.5988480709665617 0.9879956665245013 0.0622473044720155 0.20479906637610762 0.30687815701173005 0.48772408411451196 0.5626516391719105 0.7932300678829615 1.0829036964719116 1.4704710083931694 2.0835972307543957
98 980 -0.19116224769355183 0.10233504548259181 0.5988480709665617 0.9879956665245013 0.0622473044720155 0.20479906637610762 0.30687815701173005 0.48772408411451196 0.5626516391719105 0.7932300678829615 1.0829036964719116 1.4704710083931694 2.0835972307543957
99 990 -0.19116224769355183 0.10233504548259181 0.5988480709665617 0.9879956665245013 0.0622473044720155 0.20479906637610762 0.30687815701173005 0.48772408411451196 0.5626516391719105 0.7932300678829615 1.0829036964719116 1.4704710083931694 2.0835972307543957
100 1000 -0.1597146388169221 0.07581609311968004 0.7057274402014118 0.9899937171292381 0.04797584331128429 0.18380858711564446 0.2998619833555066 0.49024441831080845 0.5370182876820071 0.7508764876197049 1.0996918878388127 1.4224272197802936 2.1327987102159724
100 1000 -0.1597146388169221 0.07581609311968004 0.7057274402014118 0.9899937171292381 0.04797584331128429 0.18380858711564446 0.2998619833555066 0.49024441831080845 0.5370182876820071 0.7508764876197049 1.0996918878388127 1.4224272197802936 2.1327987102159724
