% # columns="iteration, evaluation, void, void, void, xmean", seed=234, Wed Sep  1 07:16:06 2021, <python>{}</python> # scaling_of_variables: 1, typical_x: 0
1 10 0 0 0 0.37048783297453947 0.4626149527854449 -0.388088784763499 0.17554011711233172 0.33283965114677133 0.16403947232525198 0.20272954301794333 -0.4661231730488239 0.19228366694050214
2 20 0 0 0 0.1992088089110789 0.8654735758907393 -0.5383540184100111 0.4526508131559275 -0.1626374772132388 0.2820629203299709 0.5343253216406807 0.3649725417242504 0.28084557848186176
3 30 0 0 0 -0.002845250349798184 0.8178964644722434 -0.37888557614402074 0.6233617805090603 -0.27798854504072995 0.8065529234925226 0.529128069924715 0.30318917177188587 0.2765345545832161
4 40 0 0 0 -0.025096585170783243 1.0622168099465543 -0.6406663817399462 0.36365395022477737 -0.31937507855272135 0.7054546200116891 0.008531038259775081 0.5380560340328953 0.3103901078109882
5 50 0 0 0 0.30708471646973007 1.2873908321643794 -1.1792724878516454 0.6030139017906888 0.04039021550307442 0.5452185198919891 0.6502122508240704 0.37655842359123215 -0.015090575732705946
6 60 0 0 0 0.17033098791087448 1.3816942349826389 -1.186292573812695 0.3425396398092849 -0.23662537563612196 0.9274963168954331 0.37357716330037805 0.4818654306374709 -0.6953978560180394
7 70 0 0 0 0.15355880996241872 1.0443116692838712 -0.9212033244485557 -0.01916749370168347 0.1542095715068087 0.7411508768880388 0.46738158724418216 0.39115852740366885 -0.5990748041367654
8 80 0 0 0 0.6857635131611208 1.1532294229221753 -1.0655576539141274 -0.2244590768222559 0.14870706744507245 0.8739438224469623 0.335448970117531 0.026452197120758525 -0.8272638858361345
9 90 0 0 0 0.655687228911901 1.3127085312421296 -0.7977031440804984 -0.31963920351029074 -0.01093371455265199 0.9906106741155043 0.2965824191203752 0.18210927336371802 -1.4334768050286155
10 100 0 0 0 0.18743022236425133 1.2513195902864662 -0.7154465055232047 -0.4939374707684917 0.10359665546494162 1.0178030705278351 0.08452292218612262 0.34162568473068866 -1.08022713730028
11 110 0 0 0 0.023929878966927887 1.6333796666539313 -0.8852029337125192 -0.5050207023701504 0.21699282624164448 0.8814467304908015 0.29438455865312746 0.13330278842784615 -1.3622103539146924
12 120 0 0 0 0.22318304106205597 1.980903990295128 -1.3433868703693435 -0.45872881734858506 0.002032926034933019 0.9836320781153092 0.225953746493547 0.12094760732869005 -1.3864780357070234
13 130 0 0 0 0.44215534708132376 1.8808894570913226 -1.3371870399230301 -0.2197406563167753 0.08091578600606612 0.9674557113621947 0.31224510580040077 0.006348413223525251 -1.6141700978114273
14 140 0 0 0 0.5238073302110229 1.9842156738857943 -1.252732457926066 -0.6801726960653389 0.05606163756992624 1.040906766571456 0.3177652126910284 0.17011607147863678 -1.7651936471059069
15 150 0 0 0 0.3329902054390669 1.9780553797776839 -1.0500677415910409 -0.5803411211091698 0.13195491277392069 1.0398114099453513 0.18083029888198088 0.45373496091007703 -1.6215034788691423
16 160 0 0 0 0.5570752350203877 1.9305238781270146 -0.827780334475325 -0.8505232048370609 -0.08028847569215078 0.9868700916527269 0.348300406891269 0.5801128647123754 -1.9388307485526113
17 170 0 0 0 0.5425350431244275 1.599515652348879 -0.6511018654358387 -0.9533746133198688 0.15435134151394667 0.8770557753344126 0.420062820311177 0.5600069537429823 -1.9686541697207915
18 180 0 0 0 0.27447323858061734 1.207296035023653 -0.3161164795476807 -1.0985176361927438 0.5105940635686419 0.8407996316330585 0.4168214529379832 0.4633172640126726 -2.115472922333588
19 190 0 0 0 0.16913263004022577 1.38368983298472 -0.23092411708321228 -1.1606890638325533 0.6037170907118167 1.0055107806508778 0.0903885337081265 0.5736353047463022 -2.0799273424866653
20 200 0 0 0 0.2084116087188395 1.2950812072924147 -0.49361675355189427 -1.0139584918100815 0.37807632778989547 0.9392866184885692 0.32405247650301344 0.6170626374249333 -2.1939523942298753
21 210 0 0 0 0.6529874513334893 1.3625571959688874 -0.3827600266703443 -0.998806168146413 0.4275621510505521 0.9552228475412924 0.4011581938935408 0.700552418314374 -2.4132424890791704
22 220 0 0 0 0.2458305731931102 1.395119794547569 -0.36003027277365235 -0.9111144110721607 0.06149094847883757 0.9955295311441107 0.3915798050024701 0.8423979219248263 -2.383652391510924
23 230 0 0 0 0.2763033532933003 1.1437384118714242 -0.16607291209205383 -1.3547877162920405 0.10121951578774634 1.137784276579704 0.18317825685152037 0.8003077419858486 -2.5242484934656875
24 240 0 0 0 -0.036816582312587554 1.1478050312240005 -0.30978246038663376 -0.8898053682835891 0.17147752383351278 1.0349622627003952 0.22081868045392872 1.0212789004131986 -2.3924451213554705
25 250 0 0 0 -0.21014181234749194 1.0011854777588554 -0.1249327697541206 -0.9389680336747882 -0.012980559916588058 1.0310029020982512 0.36753351532369355 0.9505633906991676 -2.5210613414001926
26 260 0 0 0 -0.4688752951783781 1.025750991248937 -0.44850987930874686 -0.95209490191156 0.1012521399747369 0.9539682460001555 0.41008045834014784 0.735492680011888 -2.470811335141932
27 270 0 0 0 -0.34936210977246185 1.0414688045000786 -0.4301608434518012 -0.882344072826759 0.081237167662932 1.1223366528258074 0.11651039624102477 0.6406416952682612 -2.212086350478321
28 280 0 0 0 -0.35161463033991924 1.0886424622675113 -0.5238567641446503 -0.9191701828297252 -0.04931527362600523 1.1962046562991977 0.03709446557978499 0.8886541258972049 -2.1839465284946504
29 290 0 0 0 -0.1107028769360427 1.184416755870432 -0.5274011860709582 -0.8591124222493507 0.1397644732612588 1.127535601094883 0.08304615466151662 0.6098897365648235 -2.119305007340311
30 300 0 0 0 -0.29596570816556167 1.1114585010150135 -0.5888863661559544 -0.7896983945154263 0.17830809548099136 1.0051372087755717 0.2653871520157587 0.5600936396901608 -2.098437154721777
31 310 0 0 0 -0.41719702850539364 1.148826438073712 -0.6097586668233402 -0.7901175354188481 0.041181281892314375 0.9082032194045828 0.39883694638633493 0.7623891977764629 -2.144922043458145
32 320 0 0 0 -0.30607833590040356 1.216165052489323 -0.7612212072989586 -1.0660323453052094 0.25694473737821893 1.0219306238462955 0.24942171521271606 0.4269678748613096 -2.1840541754706226
33 330 0 0 0 -0.2299876072687552 1.2546609108043367 -0.7338630220389079 -0.9953918666551044 0.3582618836675222 0.9763001145635573 0.2601537709158257 0.4828257658845586 -2.1955111075909155
34 340 0 0 0 -0.19526843506787028 1.2209164707085 -0.7399055950601984 -0.9645262606451839 0.4402451721279853 1.011731209388679 0.2080298532460696 0.47185709471932813 -2.183755427572392
35 350 0 0 0 -0.31786005646501436 1.1085443262686645 -0.6914890100475936 -0.9657352271830498 0.4542679100236825 0.9843619385047436 0.2532277166292199 0.44042589773363094 -2.2133150238850106
36 360 0 0 0 -0.3544107333134495 1.1534130376008684 -0.6748880897277285 -1.0134054252382905 0.4658381144659393 1.0277561105591224 0.21206170548822345 0.43601690965316575 -2.2526163367344543
37 370 0 0 0 -0.28085440550188173 1.1862993022867983 -0.7685382857007895 -1.0268076729674422 0.48582237618703494 1.0265875867476468 0.17158795955683878 0.40160093233409305 -2.165652217378115
38 380 0 0 0 -0.20588164988414745 1.1555255715988964 -0.7879452746295804 -1.0819723745256404 0.45198545564280224 1.0315092576023352 0.21183870215871425 0.35476316692592674 -2.2259027667324185
39 390 0 0 0 -0.1516378560117072 1.1521769213247661 -0.8780277415255229 -1.1008211363850398 0.40242678384655217 1.0113660420133004 0.2636788434794748 0.3826938692116089 -2.277058255993338
40 400 0 0 0 -0.015646738590916365 1.117695179985247 -0.8935428202720903 -1.1859305083801353 0.36999534151503893 1.0409234316176526 0.26784006111295294 0.3267682244862664 -2.3875113538627812
41 410 0 0 0 0.021703159849015524 1.132854538784712 -0.9798325248534412 -1.1868790315979423 0.39876718459661614 1.0366057703275797 0.29301080715469724 0.25530707899974203 -2.4568364240654095
42 420 0 0 0 0.019452165775638068 1.12484236179968 -0.9576289174898145 -1.2231384541490429 0.3812280906112 1.0208556103347015 0.2711927151208409 0.24217827646866436 -2.287040124564517
43 430 0 0 0 0.15549485689656478 1.142788030504541 -0.989823183274151 -1.4136067109544526 0.5224481385466548 0.9658835788072807 0.37599269337741925 0.16899407931989913 -2.4527681581423186
44 440 0 0 0 0.15542581835529964 1.1539916330519906 -0.9266869741095293 -1.4835837796133706 0.5174360424945462 0.9741574082966552 0.3504259986305956 0.27237935086848747 -2.25111424966972
45 450 0 0 0 0.08955649959884274 1.1622578501343273 -0.9173736714458971 -1.6666619825979156 0.639192221144568 0.9678832609169135 0.3459259360623372 0.17220920522965807 -2.354861257630664
46 460 0 0 0 0.210577470236512 1.228455470062011 -0.9760315998713298 -1.6415317939962488 0.7751368433890385 0.9136345771869141 0.4080087922311127 0.12740776426883677 -2.454069857278253
47 470 0 0 0 0.1835698878551595 1.2498743180084 -1.0639152239673493 -1.5824990624572537 0.8932738275323286 0.9133256690922439 0.38176611849370823 0.06311505403388881 -2.4407531330103427
48 480 0 0 0 0.09444123172506351 1.2094361322260652 -1.1601083279907383 -1.5126365457156452 1.0611376210699057 0.8956079393706108 0.3691072587420461 -0.027693079101925117 -2.3690017365489933
49 490 0 0 0 -0.04693973552252524 1.1536328641560514 -1.2193952007446265 -1.5406039832663245 1.0520594247113015 0.8410319687575608 0.47801189049562315 0.009313772646496396 -2.4586386397335467
50 500 0 0 0 -0.09229909939490252 1.2437229223890833 -1.4379181899542586 -1.5268211369304536 1.2369428499265844 0.8362343489013708 0.47293822431732974 -0.12277639463486305 -2.4371473567273263
51 510 0 0 0 -0.020036547508571603 1.266072668080638 -1.5558950989085891 -1.692370116876932 1.3706427250272548 0.7907262883063453 0.5405642327669565 -0.24982360192711106 -2.533721157169047
52 520 0 0 0 -0.04492001444530294 1.19711327563345 -1.487179486094776 -1.6567272247276708 1.4699501210340673 0.766492506856123 0.5341039951164268 -0.23591498789233836 -2.497755554966357
53 530 0 0 0 -0.31081117258173885 1.2376538752620212 -1.482036548400856 -1.448513317362181 1.5732672754307395 0.7850883214332381 0.423465729431404 -0.1934591427554511 -2.2786488985572704
54 540 0 0 0 -0.46506129022006104 1.2794412787098588 -1.550038708870638 -1.3512742158586621 1.5563134865261545 0.6954351880752616 0.5598113834253174 -0.02218943261566861 -2.3183568431981376
55 550 0 0 0 -0.4460782828063072 1.2655501833061673 -1.745573675014908 -1.2892500293065587 1.7216693443540294 0.6104186926719063 0.655140415539975 -0.011410435821047619 -2.325761074430063
56 560 0 0 0 -0.43228811332871736 1.2896363430321631 -1.8391370968936445 -1.3957029654418125 1.7129822857553931 0.5963229486378872 0.7167298029018688 -0.060373808925854505 -2.503990886502704
57 570 0 0 0 -0.45680728268814336 1.3166807773695646 -2.0128377063308425 -1.781670085023052 2.010993126774369 0.5890565887266945 0.6941416992559101 -0.19988087510653724 -2.4711741686766326
58 580 0 0 0 -0.22340377898440844 1.3209789460371473 -2.130339189829942 -1.6413933825391551 1.948366669291377 0.48853694782538104 0.8715414072053557 -0.07518525395030191 -2.5563910574689124
59 590 0 0 0 -0.0678459494403256 1.3708501970298654 -2.43607078539749 -1.9063807239373063 2.1061420774900617 0.40239910121815065 1.0592312426750319 -0.3526005275165991 -2.7599431594006
60 600 0 0 0 -0.04690303295162888 1.3780959748168555 -2.3637358205684413 -2.0410053772810923 1.8341824342012443 0.451104161726409 1.076511229095035 -0.4868555643209399 -2.697698817157798
61 610 0 0 0 0.10030040501618803 1.448911772833715 -2.6271323850337995 -2.2683650881530966 1.8972487288774238 0.39333905197311714 1.2065514611777373 -0.71666807233427 -2.807054018918344
62 620 0 0 0 0.5186155613178438 1.5653844941834285 -3.2437336853077854 -2.69036716371793 2.182386614927187 0.2803820445509003 1.4369620537879944 -1.095964055231932 -3.071746984207887
63 630 0 0 0 0.9898568883900607 1.66609909664815 -3.4298185502276017 -2.882949102153433 2.2438461909890046 0.13429250071834334 1.7629023033249256 -1.3971710817295075 -3.224250490957398
64 640 0 0 0 1.1289111022164149 1.6692141636652906 -3.7857586774277694 -2.436183651284811 2.2503872208152815 0.0012257436551371959 1.958850144339267 -1.4416198026768887 -2.99013680280104
65 650 0 0 0 1.191088448788373 1.64751613276923 -4.118721736188972 -2.4589164868270146 2.838983760587122 -0.12776982498644127 2.040083920951701 -1.8721545140232678 -3.0752436572159123
66 660 0 0 0 1.1331498132059787 1.7282516353806723 -4.403578173393522 -2.6779938766043463 2.642927028868117 -0.12988804219283173 2.103060324362014 -1.7495642686937551 -3.1289389329253323
67 670 0 0 0 1.2201347436918981 1.8422583996234028 -4.764107453268653 -3.0712206022074144 2.3177223659152 -0.12390603636588385 2.2569577554665163 -1.6022530058680537 -3.268060042360861
68 680 0 0 0 1.3115625643439353 1.8830332614310508 -5.3321554549049806 -2.7847916778198436 2.720309555461123 -0.20224217284343388 2.3079178873238684 -1.7493336271403606 -3.301044214991146
69 690 0 0 0 1.4822547270958937 1.9004767135991858 -5.081908513989673 -3.0128396621778397 2.5347616219178084 -0.19727802408400832 2.2726076960028623 -1.4449630460575773 -3.222295144936511
70 700 0 0 0 1.7615947294946188 1.849638495385752 -4.942803619885023 -3.0003360708380815 2.207771221201388 -0.08090595109849111 2.1016439882313196 -1.3193747043435826 -2.9430474769395407
71 710 0 0 0 1.6329461451218168 1.7870820406984784 -5.05518632269622 -3.3688003327225458 2.842611656518696 -0.13936185198906376 2.136468074306199 -1.724913964531549 -3.184046468095188
72 720 0 0 0 1.9226831393296602 1.8160270676897758 -5.051427223161796 -3.5734008525687466 2.793797712625956 -0.02121811669118641 2.0282703885780546 -1.6808416741211862 -3.5919099750000423
73 730 0 0 0 1.7624846573167205 1.8017531467672234 -4.711610281098285 -3.5011696231538276 2.7611342327870325 -0.06303122408628586 2.0361839163581634 -1.1891773607145633 -3.630700532432859
74 740 0 0 0 2.203960650617856 1.7644821701397722 -4.634566748839588 -3.362002462467659 2.3163424848955776 -0.1361267790527548 2.210863625752568 -0.9514309765079022 -3.5063351920524584
75 750 0 0 0 1.7241828489786832 1.7798898351930326 -4.582561230855509 -3.377980391377064 2.5340435835827146 -0.25461710474575255 2.3261643542076644 -0.7706718158162676 -3.533245376774577
76 760 0 0 0 1.8162995711633034 1.7797096050075165 -4.618715318060572 -3.653776106552771 2.686058984382784 -0.44212685677603686 2.684958879898488 -0.8260340970052894 -3.9668408726764754
77 770 0 0 0 1.8461807559211882 1.6875613689460978 -4.261315739366597 -3.505538532758738 2.467833346361266 -0.44166132447595924 2.689819549576189 -0.7589903467395772 -3.7199255882203994
78 780 0 0 0 2.2134836173363577 1.7961462001356696 -4.7676823454996535 -3.642744938207117 2.685970358334878 -0.5336145079510771 2.818702423361857 -0.7921986903359983 -3.898580110479268
79 790 0 0 0 2.2234691191815266 1.7726062513909953 -4.605777456953781 -3.447648519879695 2.2292366423691705 -0.32002386264515537 2.61087488274402 -1.0043964428415295 -3.828869957419412
80 800 0 0 0 2.445056181121866 1.7644805147127793 -4.615653054644699 -3.58302811879169 2.0882536112245775 -0.16079687297854692 2.3768937417593103 -1.113257383124963 -3.792995827559082
81 810 0 0 0 2.7649303144229513 1.81298507718309 -4.8331476651456935 -3.99318150073499 1.9943105505260539 -0.0313951101468842 2.2855548661408758 -1.2114921457801973 -3.888475813327128
82 820 0 0 0 2.9144591362910504 1.895488923656864 -5.098927393096927 -4.1336248158865905 2.1022605538681005 0.04642287859300695 2.1457771566046184 -1.3724410776498959 -3.710816515211419
83 830 0 0 0 3.0951228673609372 1.7949160555758061 -4.747798742921231 -4.1922202336951235 2.0565580523243825 0.07281556449608616 2.0811396943776175 -1.3513350280371805 -3.714125597044663
84 840 0 0 0 3.6705476691479912 1.8245318678954443 -4.744954324979961 -4.456192278652959 2.2829037376406593 0.10165505311988535 1.9568230586986988 -1.2334190517934605 -3.7194357577628234
85 850 0 0 0 3.627616068994294 1.7831279361667816 -4.704618375095778 -3.890713877129884 2.0463408392321645 0.16017884704155932 1.889701134492676 -1.3443060993706382 -3.433682276212095
86 860 0 0 0 3.9164512375729967 1.942786695860265 -5.096060004509941 -4.48600653672725 2.522171059095644 0.03699927257887212 2.033820361345387 -1.2046240599990754 -3.753614277101261
87 870 0 0 0 3.8195563910792414 1.9201206148997683 -5.075375824637426 -3.805834017889577 2.470311199685618 0.04059276386149223 1.9246037478130973 -1.0178863284692368 -3.3112970679688813
88 880 0 0 0 4.097196726274461 1.9385992855387595 -5.222784350507049 -4.471584754187327 2.3411841087056993 0.19924292887263834 1.7871834019510746 -1.2974438215418713 -3.5098618594079123
89 890 0 0 0 4.227112337529431 1.9359855534235169 -4.941564908285293 -4.694413892314923 1.7029840900612931 0.45730907831099255 1.4621197399987125 -1.1072204236524432 -3.2524084797615047
90 900 0 0 0 4.518809698384778 1.9618066756830685 -5.197698742664712 -4.835013705511993 1.8238427396262566 0.5615390674551769 1.287195291384229 -1.1891472529646456 -3.22941263687767
91 910 0 0 0 4.489052134867724 1.9510402577470778 -5.334682254068215 -4.944208197673011 2.1338246024836387 0.6628627076029072 1.0778952808043438 -1.5451954647635513 -3.1349160433697745
92 920 0 0 0 4.066908950617679 1.9449455683461916 -5.186059295471609 -4.965654919023604 1.7482824506004904 0.7496616544429936 1.0529450934600129 -1.305119537290266 -3.290363216943967
93 930 0 0 0 4.478012794751695 2.0129951578924956 -5.450913446223723 -5.017384536281383 1.8942125926568418 0.7805889310971809 0.9815571291884954 -1.6369067645538902 -3.0928046382806116
94 940 0 0 0 4.867765611114759 2.002625744656876 -5.209014815020245 -5.035163833010838 1.8273541915328144 0.9875476734952378 0.6293207130723348 -1.7120485603303497 -2.845237197650061
95 950 0 0 0 4.545405423447696 1.9832166355138725 -5.474162684021548 -4.939934606617209 1.8929181698574964 0.9554928171266717 0.6754648373921507 -1.8388263081920788 -2.819767102652368
96 960 0 0 0 4.952914523043474 1.9508424120530012 -5.30747360956337 -4.9631423102113965 1.9028495056665167 0.9985525655052753 0.5863385578814415 -1.9217952233486184 -2.730765961807356
97 970 0 0 0 4.810040258914898 1.9424658837748559 -5.440193519415652 -4.951328502023509 2.085103930664463 0.9265024774342929 0.6623276634389567 -2.121126002200583 -2.668591720806837
98 980 0 0 0 4.597875618879965 1.858486710054494 -5.168057634677879 -4.935679737180482 1.9263220965343353 0.8988966409952828 0.7090203769724435 -1.8472223019779594 -2.6619174082980916
99 990 0 0 0 4.865715196413917 1.9176515946147124 -5.254145493920663 -5.209735108072895 1.8730875626309844 1.1070576777665913 0.40646791910294305 -1.9978126851352591 -2.5662484354363597
100 1000 0 0 0 4.572161764907308 1.8984494032748627 -5.1400947574307345 -5.0986411573397445 2.0393942908139846 0.9227486755801746 0.6371671440848639 -1.836736159165795 -2.6198978805528452
100 1000 0 0 0 4.572161764907308 1.8984494032748627 -5.1400947574307345 -5.0986411573397445 2.0393942908139846 0.9227486755801746 0.6371671440848639 -1.836736159165795 -2.6198978805528452
